1.87199997902
3.65600013733
3.51800012589
2.8599998951
1.47499990463
3.70200014114
3.59700012207
3.30200004578
2.00500011444
3.59299993515
1.5720000267
3.52799987793
3.20700001717
3.21500015259
3.64899992943
3.6859998703
3.46099996567
1.29100012779
3.17000007629
2.52600002289
3.29800009727
1.78200006485
3.51800012589
3.26999998093
3.4470000267
3.6289999485
2.5759999752
3.42199993134
2.79999995232
3.36100006104
3.1099998951
3.25199985504
3.65499997139
3.63899993896
3.62399983406
3.24599981308
1.22799992561
2.33599996567
3.26399993896
3.46899986267
1.82999992371
1.76200008392
3.49400019646
3.1779999733
3.40400004387
3.51300001144
0.822000026703
3.45300006866
2.97900009155
2.91900014877
max time: 3.70200014114
min time: 0.822000026703
average time: 2.96330000401