2.22800016403
5.3069999218
2.15799999237
2.73900008202
3.57500004768
2.04699993134
1.45799994469
2.30400013924
4.31299996376
4.29299998283
2.8220000267
5.20799994469
1.08200001717
3.70399999619
3.38700008392
1.26300001144
2.16700005531
1.79800009727
1.67199993134
2.11199998856
0.81500005722
4.18799996376
4.41399979591
4.62699985504
1.34099984169
1.95799994469
2.77500009537
3.34700012207
2.93499994278
3.28399991989
4.53400015831
2.50400018692
4.26600003242
2.79399991035
2.73599982262
4.6899998188
4.20199990273
2.6210000515
2.34800004959
2.88700008392
5.56999993324
1.89199995995
3.05599999428
1.24000000954
3.21300005913
3.16199994087
3.0600001812
3.93700003624
3.2539999485
3.35299992561
max time: 5.56999993324
min time: 0.81500005722
average time: 3.01279999733