2.17200016975
2.53800010681
2.34599995613
0.952999830246
1.53600001335
5.06399989128
2.80099987984
2.34699988365
0.769999980927
1.93300008774
2.81500005722
1.46099996567
2.17899990082
2.76700019836
1.17300009727
1.84200000763
2.03099989891
2.7389998436
3.29099988937
1.17499995232
3.1360001564
1.27900004387
1.61500000954
3.35300016403
2.64599990845
4.22499990463
2.23500013351
2.21900010109
2.14499998093
2.07100009918
1.73099994659
2.22899985313
1.90799999237
0.753000020981
1.27300000191
2.38000011444
4.05900001526
2.5569999218
1.37300014496
2.98000001907
3.76999998093
3.11299991608
2.48199987411
2.46399998665
3.27699995041
1.16500020027
2.14400005341
4.90700006485
3.01600003242
3.08900022507
max time: 5.06399989128
min time: 0.753000020981
average time: 2.39054000854